977176417175544
8830381473397697
1579217424262403
485310508878149
6738458832234292
8247198792475926
7702096123297051
9927666814976935
6721664231720523
8993925621542988
9299221279780896
7246241104251305
8122495664885527
5748567528412230
9860154543410139
7703006245146070
6616941548699081
9561341460259300
9159282893977708
8051850882316390
551860705445278
7180887307963476
6945055593758355
8285248053282016
1943029282730866
1738995865165001
5471540297039333
3704355129276850
3511580509299794
4035566240590942
7351006088339556
6435759870600095
8025025471972474
3740079243321536
552389836205836
1598126363508975
3638180406652418
982066760540697
8169299033039839
1894777395875537
9221131202630520
5494079660141979
387422559342967
528392155009274
7258996613700675
7955600212871174
3675613939042750
4539475470040958
2680653833948053
6227998825775029
68797145984085
6313168736717222
6278077814832796
4372892659673116
2130444278198812
6436002640292316
8605199615731784
9612518251185736
6672013575510163
5063667691630205
2557453355667246
963853604798792
5853259249269100
2517043071945912
1848756915425315
6442540602354030
7905319801479349
1898467610526067
8634958117376913
7626363547848856
2465960335904668
7182073712457761
3327299488230134
8898117731897868
7954257078685882
958099090937424
6307525021463076
9784077212417063
2621130286307614
4641369795532400
3504869366617171
685953578410202
1018740826307157
9846686669804811
942248479000276
6995737094078164
8255371930789464
3937618778612158
7890541237127231
2600265647749797
8828381410276542
4422678628724397
5466057092555621
2687864712451432
9413328877191975
3489271941027924
1249636342078380
1325930221391326
151360284354248
